$ANSIBLE_VAULT;1.1;AES256
62326236643239313164323264366466333138353966346564666435396232373635613463346230
3039343133313065306133343734366334633764623464630a396366633963316231343763306165
34373765366363373636333638613536623438313964303836643630383532323164336132643664
3361363961336330320a326262643662616132333535663865386163653861616563383736376333
66663538396432366131616333653531353030363733636232356438656531376666363633363362
64376665373331633639323261646134363535646561356662363464383065613130313963613832
63303765656263663662396437653266653531643039333530333130633834303832356164346637
34613632396664353765376431366530333831343638663031323061653865333934643063613231
33653865333765383965323636393331366430623235643833616464303033653163306639306238
37343731383130386433323461326562373164363637323863313562623863366263323833373164
35653965623830623238653733663037376530373639323535363834393532303835613831383664
35336662313862303162366337336333653263326131633937386535613962623538363735356262
39363633323338626662396235613661383363323538353863636337663061363335383932323266
61613133306365316536353563333433386534303661323835343135373838613938383239303938
64653165396437356166616436616238643861613132626635666335323636626266396131376537
64396662373837353466393432316365633036306130326166373362326366303364653136386134
62376362653137383063373062623863623465323138396333343165323830356463666363653531
32353430383138393231376164626532613036373639376338393132666135366530643239663239
31616633663135623565613132613162376463623239326632333134383038646532656533646364
65383530343464343932353964323131636235306638323864363266323835326231643333613731
65303830353530643334316638363135363033323336353135616134393763353034343536613637
66323730373761373466383935356261643863313131366333656432346533613534366235386330
63343633323738643161363731616339323038313161363232316533666534656235333732393065
66393830653864346662333166386365663934613665393732646561376136316530333035646537
63633764313036323166616464363931323434623839643464316230373465313234363564353138
63346361396533373163326166326534383064343032353337356235323533383735663238616564
31326535626434383735356431623263336561343539313539363363313235366562323364623632
32313531393134363832636163323338663461316632656336353232343165643634636661626631
39363166663239323937653665316533303530633835623834306633396436363536373761366436
30393339623933626337396237323533353363366331613563383064666134333961313037656532
64333337613438376265393166313964626230643938613039386265623861623735306363366564
33316534376636643735313631353130613339636663323562396564356262393262653065616661
33636333343134373438376665616362626666343764643237653233313163376262646561383431
32353833373465396339363133616164363365313435656566643964326633333837376237373338
32313337316466346636396333646233363231623532303732373235373738633330623435303831
36343932336432336331366365666333656166393963633833616535316164666661346531323438
38376139346332376362666431633566316463303964306438623663343732356161656466626632
30313930643533313963663333316133316265306333363038376136383165366339383861633238
33313365326362373534616266613637336239623564366230616564623464653762343864396637
66636537653739613235633564303864313730383139363463393036666632623063643864623930
64326137656530636534376166636437353435313737646566323434613534336366363762633233
37616633313366363365623838316533373738343836393933303236613039363538326132363639
38366533633330633763653764303031383832323730623234616362616262313239616637373538
33346635613731336431663736386262343932336565656231383963656638383239633038323136
35396433666463336639383830633234343762623331646161383732323037636435363536303834
61313662323562303663316363613166613435386535383137376132383735666536393866373334
63336463366431616436383832376530396165663434613365613537623765666532656231393133
62363231653565393531393735626664626164323863313134396233333364323762303463616434
66326139316264383538323439663331316433323731386333343637396439393565616461636234
35383236623730383232386638353865653062393236356538303361666266623034393930386533
36653834613134633362316538333030643133343638346538633432656330643437643231616261
38393131373961306263373631363936353265306238633235373063343862376638356365353734
30326164336165313831613733336631663033656632346230623864363333343733336236663035
64313564666135386534616332636134636263383066353866613835333066636531306135623731
33306335303365313936366464323331343330323437386566653566633331653735663438383034
63303863336566393339633230306638343764393230393337346637343037643530363066326464
64613637326337333462386663643732613666306264343535613837613531663562343761376232
37663039313262316633613066386562306430616362396130623131663035303438376335376434
34396630313135623466356466653864313263653833346636613866636338393830353139653537
61396565616535303962373534316266363432623466363331613039653031646533386131386437
32613934623962653737326330656238313832643564333466393039376232313662643361616539
31393938623561313336316137303530653564623832636164313031323538346262353838626166
35663262353239663166666133323265313235616361656235333032346332346237383234323030
36363162393663633366336130623830356630333063383139343131306363373137663035653961
65666537323237633434383132333834633734373165363733626539316131643536323634653133
39333236393136346462316261653965303762396337636239343839386237623236666163373431
38356433313731333733663235316131346664303237303365393464363764633034313561393638
35353766306662636133663238313661366538313130653930363837353137373330626333666630
64666239343435646638313230383037346538663661613134316265303334303833653134336338
39363230653436366232373264633831383031653733353361313532333966366364616664643938
64653863356139633736346561383963373132643936633037623931626636663664346661303137
65303830386262323431326237386537356438393130626564393963636361346635656535373635
32616234353366363863306433396265316563383763643762653336393637616134383336383566
66663736636339366466303230323361316266643061623638656361383934306335356363663035
39346636643135666461663739633336613936353439323334666164646463613662633738656430
30623830633966376135313261303465313962613938633732393738326438303761336530663832
63633430666462313062663466313631336533613531613961386636613131313065663365393463
37343736323830313437333633376434356433613530363864303065333434343838323338366430
30313835346466393664666361353865353866323133326330626437636536613063313132626162
31633461313438383431633163376237306162633062313733333235393261656232636131636666
65626339373436353065373466323438653431663634366237383761353639636438313463373330
62613430376263373838396138626131613565613964343632343063363532623962323133386338
32343535663939643231333038653632333833323335393263626637306433376333313963343236
63616664633734656662646662663734346338343233343863613838373133616433616136643836
36623461386566646261393038363564343033376438316364376138626631623830633935303734
32616535656633393135333230306166343364363764646136623434393234303564393938666665
64633231386166666232643938643039306364623234616139646438373434323931346436656632
32653361393532396463303836303861613061643234343436616134303632313734646334366534
61653436613737646666323130663537376630383430353566616363643437393434653331323239
36323538643134646231613563366461626261636139363734353134653837353866386533643664
30633438623364633834663162383766613164373537346233386238323333623434613134396130
61363934346333346561323337326234333931363334656232636437316663643032323336376265
65656337633430386138373265373337396135346362666561313365626431666665323132346563
31636333353939393631613264356238333961363330373932323063386336656136623263663037
38613937393738333133373964366264346337646137353639643966336434656562326465666238
31333763383033386233356131613732303061663833353337623030366466336638393633663034
34353339313334376361636130353239316231356531316539356665306262616233626665376339
62333130613039616634306336383136373032363333353463376336356238653935323337353334
66393963316438326661343339333637343936666666303065653537613536313733396135323539
38623935623039643433376632613935376437353265313733663733343961313639636664316139
37653939646134393262343239666339306330653734643936623731366336613066623335326431
31663261333335646132666663393730643138633831313235373935343131393930313339313564
35386233383538383332623934636139663965323133373239643539626132336634313337623738
39333436386337386466393263613736383564666266653633646263663137623635616262336331
66383062666561343535303064643737616365326637613932626537393438386230656639653133
32363862313065303833343338333161643465643164656363326137373230376339303963333862
30346334323765383635326135303939373666633464623736633037373562353137626339633732
31663965653234636635346131326137663063333035623038376232613637366338343563306630
31303530643363333238353736623862623432343831353865326133636635326232623231313731
39353839663261646531376139323138653631663535653736383132393364333533653139356235
38316164656631356237316238343463626262366433316530343161323765336534663864643439
63353561383235613037656339623634353137346562363239356461346531376132643130646537
33613632376639303663303661626630366630613932306365396338366332643639363130323466
35306436613836633130653730643561363432333563616333373234323237663531306136653132
33653439333334396366313935363535343535626436376335313464303264616561346137323031
63386438346366386334353230373631323466313761356334383963373764376261303136626432
64363863353837316238313334373536303536663661616333656536373231316533643361326263
38616131353934303061383962363763366239353737623266616134653261303864376634386265
61643637626265353763303336633635306462333734393638663036616432343438356333303831
35386634303935656462373362373665303131356262303138356639343034366236336433396164
34643337623832323835383937666236323161623866653830386632613362643065646136666562
65386163343363636437613563313733313534313030376137353361336233643066633437656232
63636463666436383766656638646265323437656230326436343533663461613035613234393663
61666430333666393565646561363532366236313936653866306436383764616437326361623738
33356133383035356430363463363362316530666234376437643364323762323535663265383239
66616364666133646662316230343964646436336638303438373631666463313135613630373431
37663038396665323239633165646131373632633663646139396334383964653766633863643235
63363562366635636661653465333337663133366336653764323561616639326535376238646139
35396363393235373732396361316538383437326663383234323862376130393462323264353337
63373639383530393033376138623535303861366338366435306565616563333733623662643437
36383863316337616339353837636633333462346333633538366339643330633031633330393031
36663765353139363437316233393236643537376436343261653734306263393266613037373864
39383736323833326630666434343238363537393036636262643463303335383263333638633738
65313333623063653434313734623334613236326235316361613635376639656439653136353439
623430386362623138666466396161316130
