$ANSIBLE_VAULT;1.1;AES256
30636235623964666465353236636263326132653031323036353138316435353239663862373261
3637396534336263613464313362663533396262393066660a376333343937643738616466313730
32316434353762626561376338396139636634336263313930353633386437396637363931656365
3861663533613963350a333137303262353530356136613565303765643138616162663137633639
62396464343736363933343332313232383462633062643633306366306564616535353166643066
36613939316564653234323331333939623865623866343135633831383763643866306466356136
63336238336364323233666239316265383566323230396662393136636362373864326333653161
62353136313435383337386666343538666236656633373432363362306439383337366261343564
32393861623764393633353339326465646665303930653037653966633461613430666164646561
65323536346361306332663762383936343063663666356133343939653035373837623464353564
36623630346238626238626363663564663637663962323430356533663064393736633730373431
37373963353230336235616538303166333262376338376635353265396636616561623032333536
66653863653737333539666164306538306530373464363064323638636563653063393138393366
37323433333662303261353136643361633138623736373334366636303163396433366431353930
34653639636331303630613066343635663636323661396365303936353831663634666164666565
66313761383730326438356231363930633036633536656633663237623865356239626338613638
35303265393263643565633533393531323237643264346430393762663265653033666236393239
32616534653435343463393232336365386532396163373636363664323333646231393130323065
30636337623663616337396535316666326261663432356366353532633561336131653939366131
34366566643039333833646238323633653433343133666666343436646361396333353663393562
65323135383465336538313964343638303438336539623832373439643263313731373137643835
62613438666262626535346638333636643231386436373862306639666333393763373430346234
34373234623536396537363236333764323562383566626138383735373332373239623964626336
66663138356265656361303036366466303166623066363961633536376136656238663163663236
30363861306534366134613632643032393934663231363732353138343331613162646462316565
37373838613839663330633035616535306237313131643261613633343637326432393134376532
36336239643862313562633531353539356235343066613366653966623631616638343866313234
36616666323562663665363263623361636434386335333864363930353465323631333865393331
63356234393330346231343837663638643662623165313838393234303636383532633562643631
38336365626261643130363736363237333533333862626265646334613534363739633839643739
35333265656639333235353564363763336363643665323239353363356161343535386531316437
66386239316438396633393432333262376165343131643733303936313030313963666431336134
30383833636263363463336232656466363036333364623461353561376437333464666161383866
38393538356663376631363135336361643136376666326539393834333837633831343537316466
66306638326130623361313237393132343562633065626135353734313236393566373938353365
36343535393738613264373436373262313438313361646364303431626338343736626162393564
61323330306361363537643531366630616666376639393161386631396231653962646431343763
36363834663366396265333832633139663933626465323239393732333933316136653430373137
35363063336533663835663432646439343532623038643737363364643439646266616637333761
33316161623036613432363534633835343030613564663165613931373939363336383532363265
39663964303134336364396232396364643863653338623532353061613162346337373161633266
34353436616361376339366265643332616463303333656435396339343434303230313932626631
32326331346330613433626537336538363635613937346534623139366535353338336266616135
62366333383434636266373538313435636538626565373030303966623263323539333937616336
33393664613231333837623238613534356335373461313930303633353133326561373563333336
65343862383837316363353563306535623139313363653638353664616432333564643732616238
65323665626235636465356461323864376330363932356462643363353737393532306534383262
31663839613565396637333439383566373236323435616638303637323930623833313962613835
33633136353130306365663634393865636438626333393565316438653462646331393230306530
33383938626235663737366666373362363562363639653364373632623339373761313966303339
64663334623337656566336364353564646463343034636565356363376235323461303032306661
37396136666236653839336364623333373233383436393866313330303962666538353062306135
64386236623034323734366339613234353364626135323534666335653939313065336635303835
64323863393961333437343637623633633738636530613435636363633139363431653263356662
61663566633966623761633664663935323835623661326163623264326235343034633161396239
62393538653136646433633035613131306132373935363430633536366239326666336537376639
39633266616433633236353631383962353130623630303262346363663331353662316539363362
62333363303336666439623565363433356461643733336130366565373565616637623839636234
64663261343137656666636263303231376238663738623066633434623933303763333735353864
34633034623037333862643063653837326535363532306165396136643966353461383933343230
37633335623539653237303566386231623531356136323765353566313235636236373266346462
65306434623935626361366634323934616433326233346534323566323939663663306139616439
65313330613366343036356439633039613036353039343666616437383538656135646134316339
65653139386361396237663839343564303337336334323365376232343065343839313838616632
32326630363863356264653736646562613862353137396364303264323734323939396639336335
65613035393163383332363663386132613865363139663961326537656635393439653461333732
66613063646631623464316266343562643166373936663538643431323135323232356635346236
32663935646339633862333837316666666138393734616464623630383332346539653931356239
64633764366534363238356464336130303437633261363461356633656632633330313536376534
61363439623964666163633366333930386364613435656130623737376463356561363738303631
65663530626534343265346437326462386365643865656363666261303138383561613265643130
38666133333135316566313035643830333938636161376434316438646533663263353937643038
30386462386336646661363036643937333361643439336137326439313963376232386137383134
61653537663661313564663864313164353562626366306235386363636339376661363463316430
66613761313666316633373632323637313235356462376139376365653837623336656439653430
33356166333665336566383034303365616139333537383934363437366433396435303132613438
39616439353435383362653434356234356331303437646565376635373536656138366535623533
65336531343962323135643538393332366537323538386162633037353266363736656334353134
65633439306564396461613839343430303436363363613038666639653831306438613137333361
37336239373566316238376533336132613137623461396366386230636165663432323131646334
30626566613263333138656233366137376238663866336364653564663565343138303163636231
34386562666331353433626164376433386234326538653632626462393762373635356233623163
62383637396134393138653334303264643339636535316262356230633235396334303032336131
39313036353934373437356630633634306566366235333562346564653637646162613037643964
39643961393163623532353562333831623663663165653633383433643635393430363330373736
35346537383963663239366435343632636361343364383232386531373238353336663166656135
62653532363063353863656138346538393237303566633462393861343139303061336362316564
36313534373766303163
